Sparrow
Humming Bird
Pigeon
Humming Bird
Pigeon
Map
00000000000000000000000000000000000000000000000
00000000000000000000000000000000000000000000000
00000000000000000000000000000000000000000000000
00000000000000000000000000000000000000000000000
00000000000000000000000000000000000000000000000
00000000000000000000000000000000000000000000000
00000000000000000000000000000000000000000000000
00000000000000000000000000000000000000000000000
00000000000000000000000000000000000000000000000
00000000000000000000000000000000000000000000000
00000000000000000000000000000000000000000000000
00000000000000000000000000000000000000000000000
00000000000000000000000000000000000000000000000
00000000000000000000000000000000000000000000000
00000000000000000000000000000000000000000000000
00000000000000000000000000000000000000000000000
00000000000000000002222002222200002000002222000
00000000000000000000002002000200022000000302000
00000000000000000002222002000200202000002222000
00000000000000000002030002030200302000002000000
00000000000000000002222002222200222220002222000
11111111111111111111111111111111111111111111111
