Sparrow
Humming Bird
Pigeon
Pigeon
Humming Bird
Map
00000000000000000000000000000000000000000000000
00000000000000000000000000000000000000000000000
00000000000000000000000000000000000000000000000
00000000000000000000000000000000000000000000000
00000000000000000000000000000000000000000000000
00000000000000000000000000000000000000000000000
00000000000000000000000000000000000000000000000
00000000000000000000000000000000000000000000000
00000000000000000000000000000000000000000000000
00000000000000000000000000000000000000000000000
00000000000000000000000000000000000000000000000
00000000000000000000000000000000000000000000000
00000000000000000000000000000000000000000000000
00000000000000000000000000000000000000000000000
00000000000000000000000000000000000000000000000
00000000000000000000000000030000000000000000000
00000000000000000002002002222200222200020002000
00000000000000000002002000020000200200022022000
00000000000000000002002000020000222220020202000
00000000000000000002302000020000200020020002000
00000000000000000002222000020000222220020302000
11111111111111111111111111111111111111111111111
